-96552515 102171333 44295397 -0.818992 -0.573805 0.000591 -96238132 102021696 44210977 -83737133 59318651 31986835 1341328 213347580 97820478 
-98524387 100598960 43613621 -0.828741 -0.559632 0.000592 -98173968 100526085 43570561 -85607945 57084582 31100109 -672827 213492328 97941295 
-100465515 98995416 42918322 -0.838245 -0.545294 0.000592 -100101365 99003815 42919317 -87410477 54804985 30188577 -2686931 213620754 98054623 
-102375308 97361271 42209754 -0.847500 -0.530794 0.000592 -102019953 97450302 42254693 -89143300 52481682 29252971 -4700829 213732887 98160473 
-104253206 95697102 41488175 -0.856505 -0.516138 0.000592 -103927830 95861358 41574338 -90805042 50116532 28294039 -6714368 213828755 98258853 
-106098676 94003485 40753840 -0.865257 -0.501329 0.000593 -105821900 94233513 40876274 -92394389 47711427 27312550 -8727398 213908386 98349772 
-107911203 92280996 40007002 -0.873752 -0.486371 0.000593 -107698235 92564180 40158994 -93910087 45268291 26309289 -10739766 213971812 98433240 
-109690292 90530208 39247914 -0.881989 -0.471269 0.000593 -109552413 90851686 39421485 -95350941 42789077 25285061 -12751321 214019064 98509267 
-111435461 88751690 38476826 -0.889965 -0.456028 0.000593 -111379783 89095252 38663213 -96715818 40275770 24240685 -14761914 214050174 98577865 
-113146240 86946011 37693985 -0.897678 -0.440652 0.000594 -113175663 87294916 37884095 -98003646 37730377 23176998 -16771396 214065176 98639044 
-114822168 85113740 36899638 -0.905125 -0.425146 0.000594 -114935498 85451472 37084455 -99213419 35154934 22094852 -18779618 214064103 98692816 
-116462796 83255444 36094029 -0.912304 -0.409514 0.000594 -116654981 83566386 36264988 -100344192 32551499 20995112 -20786432 214046992 98739193 
-118067679 81371691 35277405 -0.919213 -0.393760 0.000594 -118330156 81641731 35426724 -101395084 29922152 19878659 -22791692 214013878 98778188 
-119636381 79463051 34450009 -0.925850 -0.377891 0.000595 -119957510 79680108 34570985 -102365282 27268991 18746386 -24795251 213964797 98809815 
-121168471 77530094 33612085 -0.932213 -0.361909 0.000595 -121534056 77684566 33699342 -103254037 24594135 17599197 -26796964 213899790 98834086 
-122663524 75573395 32763880 -0.938301 -0.345820 0.000595 -123057397 75658516 32813570 -104060666 21899718 16438011 -28796685 213818893 98851015 
-124121117 73593530 31905638 -0.944110 -0.329629 0.000596 -124525781 73605637 31915596 -104784554 19187889 15263755 -30794272 213722147 98860617 
-125540836 71591083 31037608 -0.949641 -0.313341 0.000596 -125938141 71529788 31007453 -105425153 16460807 14077366 -32789580 213609594 98862906 
-126922266 69566640 30160041 -0.954890 -0.296959 0.000596 -127294120 69434913 30091227 -105981982 13720647 12879791 -34782467 213481273 98857899 
-128264999 67520796 29273189 -0.959857 -0.280490 0.000596 -128594102 67324952 29169005 -106454628 10969588 11671985 -36772792 213337228 98845610 
-129568629 65454151 28377307 -0.964540 -0.263938 0.000597 -129839230 65203742 28242828 -106842747 8209819 10454912 -38760414 213177502 98826055 
-130832755 63367315 27472656 -0.968937 -0.247307 0.000597 -131031433 63074908 27314627 -107146062 5443533 9229540 -40745191 213002139 98799251 
-132056978 61260908 26559501 -0.973048 -0.230604 0.000597 -132173451 60941725 26386147 -107364367 2672929 7996845 -42726986 212811184 98765215 
-133240902 59135561 25638111 -0.976870 -0.213832 0.000597 -133268828 58806936 25458851 -107497522 -99795 6757809 -44705659 212604683 98723964 
-134384136 56991920 24708765 -0.980404 -0.196997 0.000598 -134321852 56672532 24533792 -107545456 -2872439 5513414 -46681071 212382682 98675516 
-135486297 54830647 23771748 -0.983647 -0.180104 0.000598 -135337391 54539490 23611478 -107508169 -5642808 4264651 -48653087 212145229 98619888 
-136547008 52652426 22827357 -0.986600 -0.163157 0.000598 -136320567 52407533 22691727 -107385726 -8408707 3012509 -50621570 211892372 98557099 
-137565913 50457961 21875901 -0.989260 -0.146163 0.000598 -137276279 50274989 21773595 -107178262 -11167948 1757983 -52586383 211624160 98487169 
-138542677 48247977 20917699 -0.991628 -0.129124 0.000599 -138208612 48138842 20855393 -106885980 -13918352 502065 -54547393 211340642 98410115 
-139476997 46023217 19953079 -0.993703 -0.112048 0.000599 -139120275 45995028 19934846 -106509151 -16657746 -754251 -56504465 211041869 98325958 
-140368602 43784433 18982374 -0.995483 -0.094939 0.000599 -140012239 43838953 19009373 -106048112 -19383970 -2009970 -58457465 210727893 98234717 
-141217262 41532379 18005918 -0.996969 -0.077801 0.000600 -140883673 41666080 18076410 -105503268 -22094876 -3264100 -60406262 210398765 98136413 
-142022776 39267807 17024045 -0.998159 -0.060640 0.000600 -141732185 39472460 17133697 -104875091 -24788330 -4515653 -62350723 210054539 98031066 
-142784973 36991459 16037081 -0.999055 -0.043462 0.000600 -142554234 37255063 16179470 -104164118 -27462214 -5763641 -64290717 209695267 97918698 
-143503703 34704066 15045348 -0.999655 -0.026271 0.000600 -143345591 35011914 15212533 -103370952 -30114429 -7007081 -66226114 209321003 97799330 
-144178836 32406352 14049162 -0.999959 -0.009071 0.000601 -144101730 32742084 14232259 -102496260 -32742893 -8244994 -68156786 208931804 97672983 
-144810253 30099029 13048832 -0.999967 0.008130 0.000601 -144818118 30445581 13238537 -101540775 -35345548 -9476409 -70082602 208527724 97539679 
-145397848 27782800 12044666 -0.999679 0.025330 0.000601 -145490407 28123226 12231699 -100505291 -37920355 -10700358 -72003435 208108819 97399441 
-145941526 25458364 11036964 -0.999095 0.042522 0.000601 -146114554 25776533 11212460 -99390667 -40465304 -11915881 -73919158 207675147 97252292 
-146441200 23126413 10026025 -0.998216 0.059701 0.000602 -146686897 23407606 10181861 -98197821 -42978406 -13122026 -75829644 207226765 97098254 
-146896793 20787633 9012144 -0.997041 0.076863 0.000602 -147204218 21019058 9141227 -96927735 -45457702 -14317850 -77734769 206763731 96937350 
-147308235 18442707 7995615 -0.995572 0.094002 0.000602 -147663798 18613944 8092126 -95581449 -47901261 -15502418 -79634406 206286105 96769606 
-147675462 16092314 6976727 -0.993808 0.111113 0.000602 -148063475 16195688 7036335 -94160063 -50307184 -16674806 -81528433 205793946 96595044 
-147998418 13737129 5955770 -0.991749 0.128191 0.000603 -148401707 13768012 5975801 -92664735 -52673602 -17834099 -83416725 205287315 96413689 
-148277053 11377826 4933031 -0.989397 0.145232 0.000603 -148677627 11334851 4912591 -91096680 -54998678 -18979395 -85299161 204766272 96225565 
-148511319 9015077 3908798 -0.986753 0.162229 0.000603 -148891095 8900256 3848843 -89457167 -57280614 -20109804 -87175618 204230879 96030698 
-148701175 6649554 2883355 -0.983816 0.179178 0.000604 -149042730 6468286 2786703 -87747524 -59517644 -21224447 -89045975 203681198 95829112 
-148846585 4281929 1856991 -0.980589 0.196075 0.000604 -149133929 4042885 1728264 -85969128 -61708040 -22322461 -90910113 203117291 95620834 
-148947515 1912878 829994 -0.977071 0.212913 0.000604 -149166866 1627759 675493 -84123411 -63850113 -23402994 -92767912 202539224 95405889 
-149003937 -456920 -197347 -0.973264 0.229688 0.000604 -149144471 -773759 -369843 -82211857 -65942216 -24465212 -94619253 201947058 95184303 
-149015827 -2826781 -1224737 -0.969169 0.246396 0.000605 -149070389 -3158857 -1406255 -80235996 -67982739 -25508292 -96464018 201340859 94956103 
-148983167 -5196014 -2251879 -0.964787 0.263030 0.000605 -148948899 -5525407 -2432623 -78197412 -69970116 -26531432 -98302090 200720692 94721315 
-148905947 -7563917 -3278471 -0.960120 0.279587 0.000605 -148784789 -7872142 -3448297 -76097731 -71902825 -27533843 -100133353 200086623 94479966 
-148784166 -9929779 -4304203 -0.955169 0.296061 0.000605 -148583141 -10198832 -4453193 -73938629 -73779388 -28514753 -101957691 199438718 94232085 
-148617837 -12292876 -5328761 -0.949935 0.312447 0.000606 -148349016 -12506433 -5447875 -71721823 -75598372 -29473410 -103774989 198777044 93977697 
-148406993 -14652470 -6351820 -0.944420 0.328741 0.000606 -148087028 -14797143 -6433594 -69449076 -77358390 -30409079 -105585134 198101668 93716832 
-148151691 -17007811 -7373051 -0.938626 0.344937 0.000606 -147800852 -17074308 -7412234 -67122189 -79058104 -31321041 -107388011 197412659 93449517 
-147852017 -19358143 -8392118 -0.932553 0.361032 0.000606 -147492756 -19342119 -8386156 -64743008 -80696223 -32208602 -109183508 196710084 93175780 
-147508094 -21702706 -9408684 -0.926205 0.377019 0.000607 -147163309 -21605147 -9357941 -62313412 -82271505 -33071082 -110971514 195994014 92895651 
-147120078 -24040747 -10422417 -0.919583 0.392895 0.000607 -146811337 -23867774 -10330079 -59835322 -83782760 -33907825 -112751917 195264517 92609158 
-146688156 -26371523 -11432987 -0.912689 0.408655 0.000607 -146434170 -26133700 -11304698 -57310690 -85228847 -34718194 -114524607 194521665 92316331 
-146212541 -28694307 -12440075 -0.905524 0.424294 0.000608 -146028074 -28405606 -12283375 -54741505 -86608677 -35501572 -116289475 193765526 92017198 
-145693468 -31008392 -13443370 -0.898092 0.439807 0.000608 -145588736 -30685023 -13267063 -52129788 -87921214 -36257367 -118046411 192996174 91711791 
-145131183 -33313085 -14442569 -0.890394 0.455191 0.000608 -145111691 -32972377 -14256107 -49477589 -89165475 -36985006 -119795308 192213678 91400137 
-144525947 -35607711 -15437381 -0.882432 0.470439 0.000608 -144592630 -35267126 -15250321 -46786988 -90340530 -37683939 -121536058 191418113 91082269 
-143878025 -37891608 -16427517 -0.874210 0.485548 0.000609 -144027594 -37567926 -16249077 -44060092 -91445504 -38353639 -123268555 190609549 90758216 
-143187691 -40164128 -17412698 -0.865728 0.500514 0.000609 -143413073 -39872790 -17251390 -41299035 -92479576 -38993601 -124992692 189788062 90428009 
-142455226 -42424631 -18392651 -0.856991 0.515332 0.000609 -142746056 -42179212 -18255986 -38505973 -93441981 -39603346 -126708366 188953723 90091679 
-141680915 -44672488 -19367104 -0.847999 0.529997 0.000609 -142024062 -44484261 -19261354 -35683086 -94332010 -40182415 -128415471 188106607 89749257 
-140865049 -46907082 -20335794 -0.838757 0.544505 0.000610 -141245163 -46784651 -20265785 -32832575 -95149009 -40730376 -130113904 187246790 89400774 
-140007923 -49127801 -21298459 -0.829267 0.558852 0.000610 -140408021 -49076801 -21267401 -29956658 -95892382 -41246820 -131803563 186374345 89046263 
-139109836 -51334041 -22254842 -0.819532 0.573034 0.000610 -139511945 -51356896 -22264194 -27057572 -96561590 -41731363 -133484344 185489349 88685755 
-138171092 -53525209 -23204691 -0.809553 0.587046 0.000610 -138556944 -53620968 -23254065 -24137569 -97156150 -42183645 -135156147 184591878 88319282 
-137191995 -55700715 -24147754 -0.799336 0.600884 0.000611 -137543789 -55864993 -24234879 -21198915 -97675637 -42603332 -136818871 183682008 87946877 
-136172850 -57859974 -25083783 -0.788882 0.614545 0.000611 -136474051 -58085016 -25204533 -18243888 -98119684 -42990114 -138472416 182759817 87568572 
-135113966 -60002406 -26012531 -0.778194 0.628024 0.000611 -135350123 -60277300 -26161037 -15274777 -98487982 -43343707 -140116683 181825380 87184400 
-134015652 -62127431 -26933750 -0.767276 0.641317 0.000612 -134175191 -62438480 -27102601 -12293879 -98780278 -43663852 -141751574 180878777 86794395 
-132878217 -64234469 -27847192 -0.756131 0.654420 0.000612 -132953165 -64565738 -28027726 -9303499 -98996381 -43950318 -143376991 179920086 86398589 
-131701978 -66322938 -28752608 -0.744762 0.667329 0.000612 -131688569 -66656958 -28935293 -6305945 -99136155 -44202897 -144992837 178949385 85997015 
-130487252 -68392251 -29649744 -0.733173 0.680042 0.000612 -130386373 -68710874 -29824648 -3303531 -99199522 -44421407 -146599015 177966753 85589708 
-129234368 -70441816 -30538344 -0.721367 0.692552 0.000613 -129051775 -70727195 -30695666 -298573 -99186464 -44605695 -148195431 176972270 85176702 
-127943664 -72471036 -31418148 -0.709348 0.704858 0.000613 -127689939 -72706691 -31548801 2706615 -99097020 -44755630 -149781989 175966017 84758030 
-126615493 -74479305 -32288889 -0.697118 0.716956 0.000613 -126305668 -74651224 -32385108 5709720 -98931287 -44871111 -151358595 174948073 84333728 
-125250226 -76466015 -33150299 -0.684683 0.728841 0.000613 -124903039 -76563691 -33206213 8708430 -98689419 -44952060 -152925157 173918518 83903828 
-123848260 -78430552 -34002107 -0.672045 0.740510 0.000614 -123485036 -78447851 -34014217 11700440 -98371629 -44998427 -154481580 172877436 83468367 
-122410018 -80372302 -34844039 -0.659207 0.751961 0.000614 -122053234 -80308017 -34811535 14683452 -97978186 -45010188 -156027775 171824906 83027379 
-120935950 -82290658 -35675826 -0.646175 0.763189 0.000614 -120607628 -82148640 -35600666 17655175 -97509417 -44987345 -157563648 170761011 82580899 
-119426538 -84185026 -36497203 -0.632952 0.774191 0.000614 -119146657 -83973838 -36383934 20613329 -96965704 -44929926 -159089111 169685834 82128963 
-117882287 -86054825 -37307913 -0.619541 0.784964 0.000615 -117667449 -85786976 -37163263 23555644 -96347488 -44837985 -160604072 168599457 81671607 
-116303725 -87899500 -38107711 -0.605947 0.795505 0.000615 -116166220 -87590388 -37940013 26479865 -95655264 -44711602 -162108444 167501964 81208865 
-114691393 -89718513 -38896360 -0.592174 0.805810 0.000615 -114638729 -89385261 -38714922 29383751 -94889584 -44550884 -163602137 166393437 80740774 
-113045840 -91511351 -39673637 -0.578225 0.815877 0.000616 -113080689 -91171682 -39488125 32265078 -94051052 -44355962 -165085065 165273961 80267370 
-111367624 -93277519 -40439328 -0.564106 0.825702 0.000616 -111488076 -92948782 -40259230 35121640 -93140331 -44126995 -166557139 164143621 79788690 
-109657304 -95016541 -41193228 -0.549819 0.835283 0.000616 -109857322 -94714917 -41027418 37951249 -92158136 -43864165 -168018275 163002500 79304769 
-107915440 -96727957 -41935139 -0.535370 0.844617 0.000616 -108185410 -96467846 -41791539 40751741 -91105233 -43567681 -169468386 161850685 78815645 
-106142595 -98411319 -42664871 -0.520762 0.853702 0.000617 -106469910 -98204869 -42550188 43520972 -89982446 -43237777 -170907387 160688260 78321355 
-104339330 -100066195 -43382239 -0.506000 0.862533 0.000617 -104708992 -99922935 -43301762 46256826 -88790647 -42874712 -172335196 159515311 77821935 
-102506209 -101692164 -44087064 -0.491089 0.871109 0.000617 -102901426 -101618712 -44044501 48957209 -87530762 -42478770 -173751727 158331925 77317423 
-100643796 -103288814 -44779173 -0.476032 0.879428 0.000617 -101046608 -103288647 -44776521 51620055 -86203766 -42050259 -175156899 157138188 76807857 
-98752652 -104855749 -45458397 -0.460835 0.887486 0.000618 -99144596 -104929022 -45495842 54243330 -84810686 -41589512 -176550629 155934186 76293273 
-96833340 -106392579 -46124574 -0.445501 0.895281 0.000618 -97196167 -106536025 -46200430 56825026 -83352598 -41096887 -177932837 154720008 75773710 
-94886417 -107898925 -46777542 -0.430035 0.902812 0.000618 -95202885 -108105848 -46888249 59363170 -81830626 -40572763 -179303441 153495740 75249206 
-92912439 -109374415 -47417146 -0.414442 0.910076 0.000618 -93167149 -109634822 -47557333 61855819 -80245941 -40017546 -180662361 152261471 74719799 
-90911958 -110818682 -48043230 -0.398726 0.917070 0.000619 -91092207 -111119590 -48205884 64301068 -78599763 -39431663 -182009519 151017288 74185527 
-88885524 -112231362 -48655642 -0.382892 0.923793 0.000619 -88982122 -112557304 -48832374 66697045 -76893357 -38815565 -183344836 149763281 73646429 
-86833681 -113612095 -49254225 -0.366945 0.930242 0.000619 -86841650 -113945822 -49435661 69041916 -75128032 -38169725 -184668234 148499538 73102543 
-84756978 -114960514 -49838824 -0.350890 0.936417 0.000619 -84676052 -115283892 -50015082 71333886 -73305143 -37494638 -185979636 147226149 72553908 
-82655965 -116276253 -50409280 -0.334730 0.942314 0.000620 -82490832 -116571284 -50570530 73571199 -71426087 -36790823 -187278965 145943203 72000564 
-80531197 -117558942 -50965431 -0.318472 0.947932 0.000620 -80291423 -117808848 -51102490 75752141 -69492303 -36058818 -188566145 144650791 71442550 
-78383244 -118808207 -51507111 -0.302119 0.953270 0.000620 -78082864 -118998505 -51612028 77875039 -67505272 -35299184 -189841102 143349001 70879904 
-76212686 -120023670 -52034154 -0.285677 0.958326 0.000621 -75869468 -120143146 -52100742 79938266 -65466515 -34512502 -191103761 142037926 70312667 
-74020125 -121204957 -52546390 -0.269150 0.963098 0.000621 -73654535 -121246447 -52570663 81940235 -63377591 -33699373 -192354049 140717655 69740878 
-71806181 -122351694 -53043653 -0.252544 0.967585 0.000621 -71440110 -122312618 -53024114 83879410 -61240098 -32860418 -193591892 139388281 69164577 
-69571498 -123463516 -53525777 -0.235863 0.971786 0.000621 -69226849 -123346074 -53463535 85754299 -59055670 -31996279 -194817217 138049895 68583804 
-67316740 -124540071 -53992603 -0.219112 0.975699 0.000622 -67013989 -124351076 -53891289 87563458 -56825976 -31107615 -196029954 136702587 67998600 
-65042594 -125581020 -54443979 -0.202296 0.979324 0.000622 -64799472 -125331376 -54309460 89305494 -54552721 -30195105 -197230031 135346452 67409004 
-62749764 -126586048 -54879763 -0.185421 0.982659 0.000622 -62580201 -126289910 -54719694 90979061 -52237641 -29259445 -198417378 133981581 66815057 
-60438966 -127554861 -55299825 -0.168491 0.985703 0.000622 -60352389 -127228609 -55123088 92582867 -49882507 -28301349 -199591925 132608067 66216800 
-58110924 -128487187 -55704046 -0.151510 0.988455 0.000623 -58111952 -128148324 -55520151 94115671 -47489117 -27321549 -200753603 131226003 65614274 
-55766367 -129382779 -56092317 -0.134485 0.990915 0.000623 -55854857 -129048878 -55910829 95576284 -45059302 -26320792 -201902344 129835482 65007519 
-53406023 -130241411 -56464542 -0.117420 0.993082 0.000623 -53577406 -129929201 -56294579 96963573 -42594917 -25299842 -203038080 128436599 64396577 
-51030615 -131062875 -56820633 -0.100321 0.994955 0.000623 -51276414 -130787502 -56670462 98276459 -40097848 -24259479 -204160745 127029447 63781490 
-48640866 -131846982 -57160511 -0.083192 0.996533 0.000624 -48949304 -131621441 -57037235 99513916 -37570003 -23200496 -205270271 125614121 63162298 
-46237492 -132593556 -57484102 -0.066038 0.997817 0.000624 -46594141 -132428278 -57393435 100674978 -35013316 -22123702 -206366595 124190715 62539043 
-43821204 -133302438 -57791342 -0.048864 0.998805 0.000624 -44209634 -133204983 -57737437 101758735 -32429744 -21029921 -207449649 122759324 61911767 
-41392711 -133973479 -58082170 -0.031676 0.999498 0.000625 -41795135 -133948316 -58067498 102764334 -29821263 -19919986 -208519371 121320044 61280513 
-38952712 -134606546 -58356532 -0.014479 0.999895 0.000625 -39350637 -134654887 -58381793 103690980 -27189870 -18794748 -209575697 119872969 60645321 
-36501905 -135201513 -58614380 0.002723 0.999996 0.000625 -36876815 -135321212 -58678439 104537940 -24537582 -17655066 -210618563 118418196 60006235 
-34040979 -135758270 -58855669 0.019923 0.999801 0.000625 -34375066 -135943775 -58955540 105304538 -21866431 -16501811 -211647908 116955821 59363296 
-31570617 -136276712 -59080359 0.037118 0.999311 0.000626 -31847579 -136519132 -59211232 105990159 -19178465 -15335867 -212663670 115485940 58716547 
-29091492 -136756746 -59288413 0.054302 0.998524 0.000626 -29297389 -137044043 -59443763 106594250 -16475746 -14158126 -213665788 114008649 58066032 
-26604270 -137198282 -59479798 0.071470 0.997443 0.000626 -26728395 -137515664 -59651597 107116317 -13760349 -12969490 -214654201 112524046 57411792 
-24109607 -137601236 -59654477 0.088616 0.996066 0.000626 -24145312 -137931772 -59833531 107555931 -11034360 -11770871 -215628851 111032228 56753871 
-21608154 -137965520 -59812416 0.105737 0.994394 0.000627 -21553517 -138291005 -59988832 107912722 -8299874 -10563188 -216589679 109533293 56092312 
-19100558 -138291047 -59953578 0.122826 0.992428 0.000627 -18958780 -138593056 -60117339 108186385 -5558994 -9347368 -217536625 108027338 55427158 
-16587466 -138577726 -60077920 0.139879 0.990168 0.000627 -16366909 -138838801 -60219535 108376677 -2813830 -8124344 -218469633 106514461 54758452 
-14069533 -138825459 -60185400 0.156890 0.987616 0.000627 -13783338 -139030293 -60296541 108483417 -66496 -6895057 -219388646 104994760 54086239 
-11547421 -139034151 -60275969 0.173855 0.984771 0.000628 -11212740 -139170640 -60350053 108506490 2680889 -5660452 -220293607 103468335 53410561 
-9021808 -139203702 -60349580 0.190769 0.981635 0.000628 -8658705 -139263765 -60382209 108445841 5426205 -4421480 -221184461 101935283 52731463 
-6493388 -139334020 -60406187 0.207626 0.978208 0.000628 -6123534 -139314103 -60395428 108301483 8167333 -3179094 -222061153 100395705 52048989 
-3962872 -139425021 -60445748 0.224422 0.974492 0.000629 -3608152 -139326266 -60392219 108073488 10902154 -1934254 -222923629 98849700 51363183 
-1430988 -139476633 -60468224 0.241151 0.970487 0.000629 -1112138 -139304708 -60375009 107761997 13628553 -687918 -223771835 97297367 50674089 
1101520 -139488801 -60473586 0.257809 0.966196 0.000629 1366146 -139253436 -60345977 107367211 16344417 558948 -224605719 95738806 49981751 
3633898 -139461487 -60461815 0.274390 0.961618 0.000629 3829342 -139175758 -60306922 106889397 19047642 1805383 -225425228 94174118 49286214 
6165382 -139394678 -60432900 0.290891 0.956756 0.000630 6280826 -139074112 -60259168 106328884 21736130 3050421 -226230311 92603403 48587523 
8695203 -139288380 -60386843 0.307305 0.951611 0.000630 8724396 -138949965 -60203508 105686066 24407793 4293098 -227020916 91026762 47885723 
11222593 -139142625 -60323656 0.323628 0.946184 0.000630 11163963 -138803807 -60140202 104961400 27060554 5532450 -227796994 89444296 47180859 
13746785 -138957465 -60243363 0.339856 0.940477 0.000630 13603275 -138635211 -60069009 104155408 29692348 6767516 -228558495 87856106 46472975 
16267018 -138732971 -60145996 0.355983 0.934492 0.000631 16045688 -138442957 -59989255 103268672 32301124 7997335 -229305370 86262294 45762118 
18782541 -138469235 -60031599 0.372005 0.928231 0.000631 18494016 -138225184 -59899916 102301838 34884846 9220951 -230037572 84662961 45048331 
21292610 -138166366 -59900221 0.387917 0.921694 0.000631 20950444 -137979549 -59799702 101255615 37441497 10437412 -230755052 83058210 44331662 
23796491 -137824484 -59751918 0.403713 0.914885 0.000631 23416488 -137703359 -59687137 100130774 39969077 11645768 -231457763 81448143 43612156 
26293460 -137443726 -59586755 0.419391 0.907806 0.000632 25892996 -137393697 -59560614 98928146 42465607 12845078 -232145660 79832863 42889858 
28782805 -137024241 -59404800 0.434944 0.900457 0.000632 28380154 -137047496 -59418452 97648624 44929129 14034404 -232818697 78212472 42164814 
31263821 -136566187 -59206125 0.450369 0.892842 0.000632 30877487 -136661615 -59258924 96293162 47357711 15212815 -233476830 76587074 41437071 
33735816 -136069734 -58990810 0.465660 0.884963 0.000633 33383841 -136232888 -59080293 94862772 49749443 16379389 -234120013 74956773 40706675 
36198108 -135535064 -58758937 0.480814 0.876823 0.000633 35897344 -135758198 -58880847 93358527 52102443 17533211 -234748204 73321670 39973672 
38650028 -134962363 -58510592 0.495825 0.868422 0.000633 38415354 -135234566 -58658953 91781558 54414856 18673374 -235361360 71681872 39238109 
41090918 -134351829 -58245863 0.510689 0.859765 0.000633 40934405 -134659293 -58413130 90133053 56684857 19798984 -235959439 70037481 38500032 
43520137 -133703660 -57964841 0.525403 0.850853 0.000634 43450191 -134030146 -58142154 88414258 58910653 20909153 -236542399 68388602 37759488 
45937052 -133018059 -57667614 0.539961 0.841690 0.000634 45957620 -133345604 -57845193 86626474 61090481 22003007 -237110200 66735341 37016524 
48341044 -132295226 -57354272 0.554359 0.832277 0.000634 48450993 -132605115 -57521940 84771059 63222614 23079683 -237662801 65077801 36271186 
50731501 -131535356 -57024896 0.568593 0.822619 0.000634 50924324 -131809319 -57172741 82849422 65305359 24138329 -238200163 63416087 35523523 
53107810 -130738639 -56679568 0.582659 0.812716 0.000635 53371780 -130960161 -56798649 80863030 67337061 25178109 -238722247 61750306 34773582 
55469356 -129905258 -56318362 0.596553 0.802574 0.000635 55788185 -130060833 -56401395 78813397 69316101 26198198 -239229016 60080563 34021409 
57815513 -129035396 -55941352 0.610270 0.792193 0.000635 58169464 -129115547 -55983260 76702093 71240901 27197786 -239720432 58406964 33267053 
60145644 -128129236 -55548610 0.623806 0.781579 0.000635 60512950 -128129164 -55546869 74530736 73109923 28176081 -240196459 56729615 32510561 
62459096 -127186970 -55140214 0.637158 0.770733 0.000636 62817500 -127106764 -55094965 72300992 74921672 29132302 -240657060 55048623 31751981 
64755200 -126208799 -54716245 0.650321 0.759659 0.000636 65083427 -126053252 -54630185 70014576 76674694 30065688 -241102200 53364093 30991361 
67033281 -125194944 -54276793 0.663292 0.748360 0.000636 67312305 -124973031 -54154889 67673250 78367583 30975495 -241531845 51676133 30228749 
69292653 -124145642 -53821955 0.676067 0.736840 0.000637 69506703 -123869776 -53671036 65278820 79998975 31860995 -241945961 49984851 29464193 
71532627 -123061151 -53351840 0.688641 0.725102 0.000637 71669892 -122746303 -53180111 62833136 81567557 32721479 -242344514 48290353 28697742 
73752515 -121941750 -52866568 0.701012 0.713149 0.000637 73805568 -121604506 -52683093 60338092 83072059 33556258 -242727473 46592746 27929444 
75951630 -120787738 -52366268 0.713175 0.700986 0.000637 75917576 -120445357 -52180461 57795620 84511266 34364660 -243094805 44892140 27159348 
78129294 -119599436 -51851078 0.725128 0.688614 0.000638 78009682 -119268957 -51672212 55207696 85884008 35146037 -243446479 43188642 26387502 
80284836 -118377183 -51321149 0.736865 0.676039 0.000638 80085370 -118074618 -51157916 52576330 87189170 35899758 -243782465 41482361 25613956 
82417596 -117121335 -50776636 0.748385 0.663264 0.000638 82147675 -116860975 -50636775 49903570 88425688 36625214 -244102734 39773404 24838758 
84526930 -115832266 -50217705 0.759683 0.650293 0.000638 84199073 -115626121 -50107694 47191501 89592551 37321821 -244407256 38061881 24061957 
86612203 -114510363 -49644527 0.770757 0.637129 0.000639 86241402 -114367738 -49569357 44442239 90688803 37989013 -244696003 36347901 23283603 
88672799 -113156025 -49057281 0.781602 0.623777 0.000639 88275830 -113083224 -49020294 41657932 91713543 38626248 -244968948 34631573 22503746 
90708113 -111769663 -48456148 0.792216 0.610240 0.000639 90302847 -111769806 -48458943 38840759 92665925 39233009 -245226064 32913007 21722434 
92717557 -110351698 -47841315 0.802596 0.596523 0.000639 92322267 -110424626 -47883700 35992927 93545161 39808802 -245467324 31192312 20939717 
94700556 -108902561 -47212974 0.812738 0.582629 0.000640 94333240 -109044822 -47292958 33116670 94350519 40353156 -245692704 29469598 20155645 
96656552 -107422688 -46571319 0.822640 0.568563 0.000640 96334239 -107627592 -46685148 30214247 95081328 40865625 -245902179 27744977 19370268 
98585002 -105912525 -45916546 0.832298 0.554328 0.000640 98323045 -106170266 -46058776 27287939 95736973 41345789 -246095724 26018557 18583637 
100485377 -104372523 -45248855 0.841710 0.539930 0.000641 100296710 -104670402 -45412474 24340049 96316901 41793252 -246273317 24290450 17795800 
102357167 -102803138 -44568447 0.850873 0.525371 0.000641 102251526 -103125912 -44745074 21372900 96820616 42207647 -246434935 22560767 17006809 
104199878 -101204825 -43875522 0.859784 0.510658 0.000641 104183018 -101535251 -44055709 18388832 97247685 42588628 -246580556 20829619 16216713 
106013033 -99578040 -43170278 0.868441 0.495793 0.000641 106086014 -99897647 -43343936 15390201 97597736 42935880 -246710160 19097118 15425564 
107796165 -97923236 -42452912 0.876840 0.480781 0.000642 107954830 -98213357 -42609880 12379375 97870457 43249113 -246823726 17363374 14633412 
109548823 -96240856 -41723614 0.884981 0.465627 0.000642 109783614 -96483895 -41854353 9358738 98065600 43528063 -246921234 15628500 13840307 
111270555 -94531335 -40982569 0.892859 0.450336 0.000642 111566833 -94712138 -41078906 6330679 98182977 43772496 -247002667 13892607 13046301 
112960908 -92795101 -40229957 0.900473 0.434911 0.000642 113299835 -92902235 -40285783 3297598 98222463 43982204 -247068005 12155809 12251445 
114619422 -91032577 -39465955 0.907821 0.419357 0.000643 114979340 -91059300 -39477740 261900 98183998 44157006 -247117232 10418218 11455789 
116245622 -89244190 -38690740 0.914900 0.403680 0.000643 116603738 -89188926 -38657788 -2774006 98067580 44296749 -247150330 8679945 10659386 
117839021 -87430373 -37904494 0.921709 0.387882 0.000643 118173121 -87296667 -37828899 -5807708 97873274 44401312 -247167285 6941106 9862286 
119399125 -85591573 -37107404 0.928244 0.371971 0.000643 119689078 -85387573 -36993764 -8836795 97601207 44470596 -247168081 5201811 9064541 
120925432 -83728255 -36299666 0.934505 0.355949 0.000644 121154351 -83465886 -36154619 -11858859 97251568 44504536 -247152704 3462176 8266202 
122417440 -81840904 -35481488 0.940490 0.339821 0.000644 122572448 -81534880 -35313169 -14871494 96824609 44503093 -247121141 1722312 7467322 
123874651 -79930022 -34653085 0.946196 0.323593 0.000644 123947290 -79596836 -34470570 -17872302 96320644 44466256 -247073378 -17664 6667951 
125296576 -77996132 -33814683 0.951622 0.307270 0.000645 125282922 -77653077 -33627453 -20858891 95740052 44394044 -247009404 -1757641 5868143 
126682734 -76039773 -32966516 0.956767 0.290855 0.000645 126583292 -75704061 -32783976 -23828881 95083272 44286504 -246929208 -3497502 5067950 
128032659 -74061503 -32108828 0.961628 0.274355 0.000645 127852079 -73749471 -31939876 -26779902 94350806 44143712 -246832779 -5237135 4267422 
129345898 -72061891 -31241868 0.966205 0.257773 0.000645 129092558 -71788332 -31094528 -29709601 93543216 43965772 -246720108 -6976424 3466614 
130622016 -70041523 -30365893 0.970496 0.241115 0.000646 130307504 -69819110 -30247007 -32615639 92661127 43752817 -246591186 -8715254 2665577 
131860592 -68000995 -29481166 0.974500 0.224385 0.000646 131499106 -67839830 -29396150 -35495694 91705225 43505009 -246446004 -10453510 1864363 
133061226 -65940914 -28587953 0.978216 0.207590 0.000646 132668923 -65848185 -28540614 -38347468 90676255 43222538 -246284556 -12191077 1063027 
134223534 -63861895 -27686525 0.981642 0.190732 0.000646 133817840 -63841647 -27678940 -41168680 89575022 42905621 -246106836 -13927839 261619 
135347151 -61764561 -26777159 0.984777 0.173819 0.000647 134946065 -61817573 -26809611 -43957078 88402389 42554504 -245912837 -15663681 -539805 
136431731 -59649543 -25860130 0.987622 0.156854 0.000647 136053125 -59773299 -25931101 -46710431 87159280 42169462 -245702555 -17398487 -1341195 
137476948 -57517473 -24935719 0.990174 0.139842 0.000647 137137874 -57706226 -25041925 -49426540 85846675 41750795 -245475985 -19132140 -2142496 
138482493 -55368991 -24004206 0.992433 0.122789 0.000647 138198501 -55613903 -24140685 -52103232 84465609 41298834 -245233126 -20864524 -2943655 
139448076 -53204737 -23065873 0.994398 0.105700 0.000648 139232533 -53494110 -23226112 -54738369 83017176 40813934 -244973973 -22595523 -3744619 
140373426 -51025353 -22121002 0.996069 0.088580 0.000648 140236830 -51344956 -22297123 -57329842 81502524 40296479 -244698527 -24325020 -4545335 
141258293 -48831481 -21169872 0.997445 0.071433 0.000648 141207588 -49165001 -21352886 -59875581 79922855 39746878 -244406785 -26052897 -5345748 
142102444 -46623759 -20212763 0.998526 0.054265 0.000649 142140368 -46953424 -20392916 -62373552 78279424 39165566 -244098749 -27779039 -6145805 
142905663 -44402823 -19249951 0.999312 0.037081 0.000649 143030184 -44710223 -19417176 -64821757 76573537 38553007 -243774419 -29503327 -6945452 
143667753 -42169298 -18281705 0.999802 0.019886 0.000649 143871698 -42436440 -18426209 -67218242 74806553 37909686 -243433797 -31225644 -7744635 
144388524 -39923798 -17308288 0.999996 0.002686 0.000649 144659563 -40134354 -17421233 -69561093 72979880 37236117 -243076886 -32945873 -8543300 
145067795 -37666928 -16329960 0.999894 -0.014516 0.000650 145388901 -37807573 -16404189 -71848439 71094975 36532836 -242703689 -34663895 -9341394 
145705383 -35399280 -15346968 0.999497 -0.031713 0.000650 146055865 -35460916 -15377675 -74078454 69153341 35800405 -242314211 -36379593 -10138861 
146301098 -33121439 -14359562 0.998803 -0.048901 0.000650 146658142 -33100077 -14344752 -76249362 67156529 35039408 -241908456 -38092848 -10935647 
146854738 -30833993 -13367986 0.997814 -0.066075 0.000650 147195240 -30731082 -13308652 -78359432 65106133 34250454 -241486432 -39803541 -11731699 
147366092 -28537532 -12372491 0.996530 -0.083228 0.000651 147668472 -28359699 -12272445 -80406982 63003793 33434173 -241048145 -41511555 -12526960 
147834943 -26232664 -11373334 0.994951 -0.100358 0.000651 148080652 -25990946 -11238781 -82390384 60851189 32591218 -240593602 -43216771 -13321378 
148261071 -23920010 -10370780 0.993078 -0.117457 0.000651 148435634 -23628778 -10209717 -84308061 58650042 31722265 -240122813 -44919069 -14114896 
148644263 -21600210 -9365103 0.990910 -0.134522 0.000651 148737831 -21275999 -9186673 -86158489 56402112 30828008 -239635788 -46618330 -14907460 
148984316 -19273920 -8356588 0.988450 -0.151547 0.000652 148991812 -18934304 -8170463 -87940201 54109199 29909164 -239132536 -48314436 -15699015 
149281041 -16941810 -7345526 0.985697 -0.168527 0.000652 149202004 -16604416 -7161366 -89651783 51773135 28966468 -238613070 -50007267 -16489506 
149534265 -14604565 -6332214 0.982652 -0.185457 0.000652 149372511 -14286239 -6159216 -91291883 49395790 28000676 -238077401 -51696703 -17278877 
149743833 -12262879 -5316956 0.979317 -0.202333 0.000653 149506992 -11979003 -5163482 -92859203 46979066 27012562 -237525544 -53382624 -18067074 
149909608 -9917457 -4300061 0.975691 -0.219148 0.000653 149608592 -9681388 -4173334 -94352507 44524896 26002916 -236957511 -55064911 -18854042 
150031474 -7569009 -3281840 0.971777 -0.235899 0.000653 149679895 -7391634 -3187708 -95770619 42035243 24972548 -236373318 -56743444 -19639723 
150109335 -5218253 -2262609 0.967576 -0.252580 0.000653 149722877 -5107636 -2205352 -97112425 39512098 23922282 -235772982 -58418102 -20424064 
150143115 -2865911 -1242686 0.963088 -0.269186 0.000654 149738880 -2827038 -1224885 -98376873 36957478 22852961 -235156519 -60088765 -21207008 
150132757 -512710 -222390 0.958315 -0.285712 0.000654 149728578 -547322 -244843 -99562973 34373425 21765439 -234523946 -61755312 -21988500 
150078229 1840623 797960 0.953259 -0.302154 0.000654 149691962 1734087 736265 -100669802 31762004 20660588 -233875284 -63417624 -22768483 
149979518 4193358 1818042 0.947920 -0.318507 0.000654 149628337 4019732 1719904 -101696500 29125300 19539291 -233210551 -65075579 -23546902 
149836631 6544767 2837536 0.942301 -0.334765 0.000655 149536327 6312012 2707457 -102642270 26465419 18402445 -232529768 -66729056 -24323702 
149649600 8894125 3856125 0.936404 -0.350924 0.000655 149413896 8613093 3700171 -103506386 23784484 17250960 -231832957 -68377935 -25098825 
149418473 11240708 4873491 0.930229 -0.366980 0.000655 149258377 10924802 4699100 -104288184 21084633 16085754 -231120142 -70022094 -25872215 
149143323 13583799 5889320 0.923779 -0.382926 0.000655 149066506 13248519 5705052 -104987070 18368019 14907760 -230391344 -71661411 -26643817 
148824240 15922687 6903304 0.917055 -0.398760 0.000656 148834478 15585061 6718516 -105602516 15636806 13717918 -229646589 -73295766 -27413574 
148461332 18256671 7915136 0.910060 -0.414475 0.000656 148558023 17934540 7739595 -106134060 12893170 12517177 -228885903 -74925038 -28181430 
148054727 20585058 8924519 0.902796 -0.430068 0.000656 148232538 20296205 8767912 -106581313 10139293 11306494 -228109312 -76549104 -28947327 
147604566 22907170 9931159 0.895265 -0.445534 0.000656 147853299 22668282 9802533 -106943949 7377367 10086835 -227316844 -78167842 -29711210 
147111001 25222345 10934773 0.887469 -0.460867 0.000657 147415784 25047847 10841891 -107221713 4609585 8859170 -226508527 -79781132 -30473022 
146574188 27529933 11935085 0.879410 -0.476065 0.000657 146916107 27430788 11883778 -107414418 1838146 7624478 -225684391 -81388850 -31232707 
145994284 29829300 12931826 0.871091 -0.491121 0.000657 146351510 29811944 12925420 -107521947 -934751 6383739 -224844466 -82990876 -31990206 
145371441 32119823 13924734 0.862514 -0.506032 0.000658 145720812 32185447 13963671 -107544249 -3706907 5137940 -223988785 -84587087 -32745464 
144705798 34400879 14913546 0.853682 -0.520794 0.000658 145024662 34545246 14995301 -107481343 -6476127 3888070 -223117380 -86177360 -33498424 
143997489 36671847 15898000 0.844598 -0.535401 0.000658 144265493 36885701 16017321 -107333316 -9240218 2635120 -222230284 -87761575 -34249029 
143246641 38932091 16877825 0.835263 -0.549850 0.000658 143447189 39202081 17027254 -107100324 -11996995 1380085 -221327532 -89339607 -34997221 
142453383 41180966 17852745 0.825681 -0.564136 0.000659 142574566 41490873 18023297 -106782590 -14744280 123957 -220409161 -90911335 -35742943 
141617853 43417813 18822476 0.815855 -0.578255 0.000659 141652834 43749844 19004351 -106380405 -17479905 -1132269 -219475207 -92476637 -36486139 
140740204 45641959 19786725 0.805788 -0.592204 0.000659 140687152 45977939 19969965 -105894127 -20201712 -2387600 -218525707 -94035390 -37226751 
139820603 47852724 20745198 0.795482 -0.605977 0.000659 139682324 48175092 20920221 -105324180 -22907559 -3641045 -217560702 -95587471 -37964722 
138859240 50049421 21697592 0.784941 -0.619570 0.000660 138642636 50342010 21855622 -104671057 -25595315 -4891615 -216580230 -97132757 -38699995 
137856325 52231356 22643606 0.774168 -0.632980 0.000660 137571778 52479994 22776989 -103935314 -28262868 -6138323 -215584334 -98671127 -39432511 
136812085 54397837 23582935 0.763165 -0.646203 0.000660 136472819 54590789 23685381 -103117573 -30908125 -7380190 -214573055 -100202458 -40162214 
135726773 56548170 24515273 0.751937 -0.659235 0.000660 135348203 56676479 24582034 -102218522 -33529011 -8616237 -213546437 -101726626 -40889047 
134600660 58681660 25440315 0.740486 -0.672072 0.000661 134199742 58739398 25468314 -101238912 -36123472 -9845494 -212504524 -103243508 -41612951 
133434037 60797617 26357758 0.728816 -0.684710 0.000661 133028606 60782057 26345679 -100179557 -38689480 -11066996 -211447362 -104752983 -42333870 
132227218 62895350 27267297 0.716930 -0.697145 0.000661 131835296 62807062 27215629 -99041333 -41225029 -12279785 -210374997 -106254928 -43051745 
130980537 64974178 28168633 0.704832 -0.709374 0.000662 130619630 64817031 28079662 -97825178 -43728140 -13482912 -209287477 -107749219 -43766519 
129694350 67033420 29061466 0.692526 -0.721393 0.000662 129380727 66814487 28939217 -96532092 -46196864 -14675436 -208184852 -109235734 -44478135 
128369035 69072406 29945502 0.680014 -0.733198 0.000662 128117011 68801750 29795614 -95163131 -48629277 -15856426 -207067171 -110714350 -45186535 
127004989 71090475 30820451 0.667302 -0.744787 0.000662 126826243 70780811 30649985 -93719415 -51023490 -17024960 -205934485 -112184944 -45891660 
125602630 73086975 31686028 0.654392 -0.756155 0.000663 125505574 72753212 31503207 -92202117 -53377643 -18180127 -204786847 -113647394 -46593454 
124162395 75061268 32541954 0.641288 -0.767300 0.000663 124151631 74719918 32355837 -90612470 -55689913 -19321029 -203624311 -115101576 -47291858 
122684738 77012731 33387959 0.627995 -0.778217 0.000663 122760629 76681202 33208048 -88951760 -57958508 -20446778 -202446930 -116547369 -47986815 
121170130 78940756 34223779 0.614516 -0.788904 0.000663 121328519 78636532 34059571 -87221330 -60181676 -21556502 -201254762 -117984649 -48678268 
119619053 80844752 35049161 0.600855 -0.799358 0.000664 119851176 80584473 34909639 -85422573 -62357700 -22649339 -200047862 -119413294 -49366157 
118032000 82724148 35863859 0.587016 -0.809575 0.000664 118324643 82522604 35756951 -83556938 -64484904 -23724444 -198826290 -120833181 -50050426 
116409471 84578390 36667638 0.573003 -0.819553 0.000664 116745429 84447489 36599655 -81625922 -66561650 -24780985 -197590104 -122244188 -50731017 
114751967 86406944 37460272 0.558821 -0.829288 0.000664 115110876 86354729 37435384 -79631072 -68586344 -25818148 -196339366 -123646193 -51407872 
113059986 88209293 38241544 0.544474 -0.838778 0.000665 113419536 88239140 38261352 -77573983 -70557432 -26835131 -195074136 -125039072 -52080933 
111334018 89984934 39011242 0.529965 -0.848019 0.000665 111671493 90095086 39074546 -75456298 -72473405 -27831152 -193794479 -126422705 -52750143 
109574544 91733367 39769157 0.515300 -0.857010 0.000665 109868532 91916947 39871978 -73279704 -74332799 -28805446 -192500459 -127796968 -53415443 
107782039 93454099 40515081 0.500482 -0.865747 0.000666 108014060 93699633 40650967 -71045933 -76134194 -29757264 -191192140 -129161741 -54076776 
105956968 95146628 41248800 0.485516 -0.874227 0.000666 106112782 95439037 41409382 -68756759 -77876218 -30685877 -189869590 -130516899 -54734084 
104099803 96810448 41970097 0.470407 -0.882450 0.000666 104170203 97132311 42145784 -66413997 -79557548 -31590574 -188532877 -131862323 -55387309 
102211020 98445042 42678749 0.455158 -0.890411 0.000666 102192089 98777924 42859458 -64019501 -81176906 -32470664 -187182070 -133197891 -56036395 
100291110 100049890 43374530 0.439774 -0.898108 0.000667 100184018 100375546 43550339 -61575166 -82733067 -33325476 -185817239 -134523480 -56681282 
98340579 101624467 44057209 0.424261 -0.905540 0.000667 98151065 101925829 44218890 -59082919 -84224855 -34154357 -184438457 -135838969 -57321915 
96359954 103168247 44726557 0.408621 -0.912704 0.000667 96097642 103430161 44865971 -56544726 -85651145 -34956678 -183045796 -137144238 -57958234 
94349780 104680710 45382342 0.392861 -0.919597 0.000667 94027440 104890458 45492716 -53962585 -87010864 -35731829 -181639330 -138439165 -58590182 
92310620 106161336 46024336 0.376985 -0.926219 0.000668 91943440 106308996 46100449 -51338524 -88302991 -36479223 -180219136 -139723629 -59217703 
90243057 107609615 46652314 0.360997 -0.932567 0.000668 89847932 107688294 46690618 -48674603 -89526560 -37198295 -178785290 -140997509 -59840738 
88147692 109025045 47266052 0.344902 -0.938638 0.000668 87742548 109031035 47264749 -45972911 -90680656 -37888501 -177337870 -142260686 -60459230 
86025143 110407130 47865332 0.328706 -0.944432 0.000668 85628261 110340001 47824412 -43235563 -91764422 -38549321 -175876956 -143513039 -61073122 
83876046 111755386 48449940 0.312412 -0.949947 0.000669 83505383 111618004 48371185 -40464699 -92777052 -39180258 -174402628 -144754447 -61682356 
81701055 113069339 49019665 0.296025 -0.955180 0.000669 81373535 112867816 48906613 -37662483 -93717800 -39780838 -172914970 -145984791 -62286876 
79500840 114348526 49574304 0.279551 -0.960131 0.000669 79231634 114092065 49432148 -34831100 -94585971 -40350612 -171414064 -147203952 -62886624 
77276091 115592500 50113658 0.262994 -0.964797 0.000670 77077885 115293112 49949091 -31972758 -95380931 -40889154 -169899994 -148411809 -63481544 
75027514 116800829 50637539 0.246360 -0.969178 0.000670 74909816 116472910 50458505 -29089679 -96102099 -41396061 -168372848 -149608245 -64071578 
72755830 117973099 51145763 0.229652 -0.973273 0.000670 72724356 117632843 50961137 -26184107 -96748953 -41870958 -166832713 -150793139 -64656669 
70461776 119108914 51638161 0.212877 -0.977079 0.000670 70517969 118773589 51457339 -23258296 -97321028 -42313492 -165279677 -151966374 -65236761 
68146099 120207902 52114570 0.196038 -0.980596 0.000671 68286836 119894991 51947003 -20314516 -97817916 -42723336 -163713831 -153127832 -65811797 
65809554 121269713 52574840 0.179142 -0.983823 0.000671 66027089 120995973 52429521 -17355049 -98239268 -43100188 -162135266 -154277394 -66381720 
63452902 122294019 53018833 0.162193 -0.986759 0.000671 63735064 122074506 52903767 -14382187 -98584791 -43443772 -160544076 -155414943 -66946474 
61076906 123280517 53446421 0.145195 -0.989403 0.000671 61407586 123127632 53368114 -11398228 -98854252 -43753838 -158940354 -156540361 -67506003 
58682326 124228925 53857487 0.128155 -0.991754 0.000672 59042252 124151540 53820485 -8405478 -99047474 -44030160 -157324196 -157653532 -68060251 
56269914 125138983 54251924 0.111076 -0.993812 0.000672 56637707 125141733 54258441 -5406249 -99164340 -44272538 -155695700 -158754340 -68609161 
53840417 126010446 54629633 0.093965 -0.995575 0.000672 54193881 126093266 54679317 -2402854 -99204791 -44480801 -154054964 -159842667 -69152678 
51394566 126843085 54990521 0.076826 -0.997044 0.000672 51712153 127001073 55080402 602392 -99168824 -44654800 -152402087 -160918399 -69690745 
48933083 127636679 55334498 0.059664 -0.998218 0.000673 49195376 127860352 55459151 3607173 -99056496 -44794414 -150737171 -161981419 -70223307 
46456679 128391012 55661474 0.042485 -0.999097 0.000673 46647745 128666969 55813400 6609179 -98867921 -44899549 -149060320 -163031614 -70750309 
43966058 129105868 55971359 0.025293 -0.999680 0.000673 44074484 129417794 56141541 9606098 -98603272 -44970135 -147371636 -164068868 -71271695 
41461921 129781028 56264060 0.008094 -0.999967 0.000674 41481416 130110909 56442637 12595628 -98262778 -45006131 -145671225 -165093067 -71787409 
38944972 130416272 56539480 -0.009108 -0.999958 0.000674 38874491 130745650 56716427 15575473 -97846724 -45007519 -143959195 -166104098 -72297398 
36415927 131011377 56797521 -0.026308 -0.999654 0.000674 36259378 131322496 56963271 18543344 -97355455 -44974309 -142235654 -167101848 -72801606 
33875509 131566124 57038085 -0.043499 -0.999053 0.000674 33641163 131842863 57184024 21496965 -96789371 -44906538 -140500711 -168086203 -73299979 
31324459 132080296 57261075 -0.060677 -0.998157 0.000675 31024190 132308858 57379907 24434071 -96148929 -44804268 -138754479 -169057053 -73792462 
28763527 132553684 57466395 -0.077838 -0.996966 0.000675 28412004 132723061 57552383 27352410 -95434640 -44667585 -136997069 -170014284 -74279000 
26193481 132986091 57653956 -0.094975 -0.995479 0.000675 25807370 133088342 57703061 30249747 -94647072 -44496605 -135228596 -170957786 -74759540 
23615099 133377328 57823671 -0.112085 -0.993698 0.000675 23212313 133407738 57833627 33123861 -93786847 -44291467 -133449176 -171887449 -75234028 
21029170 133727221 57975460 -0.129161 -0.991623 0.000676 20628167 133684365 57945796 35972554 -92854644 -44052337 -131658925 -172803162 -75702411 
18436498 134035608 58109248 -0.146199 -0.989255 0.000676 18055597 133921356 58041282 38793645 -91851192 -43779404 -129857963 -173704816 -76164634 
15837893 134302341 58224968 -0.163194 -0.986594 0.000676 15494609 134121810 58121767 41584974 -90777276 -43472886 -128046409 -174592303 -76620645 
13234179 134527288 58322558 -0.180140 -0.983641 0.000676 12944529 134288720 58188863 44344407 -89633733 -43133024 -126224384 -175465513 -77070391 
10626189 134710331 58401963 -0.197034 -0.980397 0.000677 10403980 134424889 58244060 47069833 -88421453 -42760084 -124392013 -176324339 -77513819 
8014769 134851372 58463139 -0.213868 -0.976862 0.000677 7870872 134532794 58288662 49759168 -87141375 -42354358 -122549418 -177168675 -77950877 
5400771 134950331 58506049 -0.230640 -0.973039 0.000677 5342430 134614435 58323697 52410355 -85794490 -41916161 -120696727 -177998415 -78381512 
2785059 135007150 58530666 -0.247343 -0.968928 0.000678 2815284 134671147 58349817 55021367 -84381840 -41445833 -118834066 -178813451 -78805673 
168502 135021797 58536977 -0.263973 -0.964530 0.000678 285637 134703427 58367213 57590207 -82904515 -40943739 -116961565 -179613680 -79223308 
-2448030 134994264 58524980 -0.280525 -0.959846 0.000678 -2250472 134710795 58375540 60114910 -81363653 -40410266 -115079353 -180398998 -79634366 
-5063665 134924570 58494687 -0.296994 -0.954879 0.000678 -4796853 134691731 58373888 62593546 -79760441 -39845826 -113187563 -181169301 -80038796 
-7677539 134812760 58446121 -0.313376 -0.949629 0.000679 -7356822 134643705 58360806 65024218 -78096110 -39250853 -111286329 -181924486 -80436547 
-10288800 134658905 58379319 -0.329664 -0.944098 0.000679 -9932872 134563309 58334383 67405066 -76371941 -38625805 -109375784 -182664451 -80827569 
-12896607 134463097 58294326 -0.345855 -0.938288 0.000679 -12526413 134446470 58292363 69734269 -74589255 -37971162 -107456066 -183389095 -81211811 
-15500137 134225446 58191197 -0.361943 -0.932200 0.000679 -15137584 134288730 58232304 72010041 -72749420 -37287426 -105527312 -184098319 -81589224 
-18098585 133946078 58069992 -0.377925 -0.925836 0.000680 -17765179 134085550 58151744 74230641 -70853846 -36575121 -103589661 -184792021 -81959758 
-20691161 133625130 57930775 -0.393794 -0.919198 0.000680 -20406657 133832634 58048377 76394366 -68903984 -35834793 -101643255 -185470104 -82323365 
-23277096 133262744 57773614 -0.409548 -0.912289 0.000680 -23058270 133526236 57920217 78499556 -66901328 -35067008 -99688235 -186132470 -82679995 
-25855632 132859069 57598575 -0.425179 -0.905109 0.000680 -25715278 133163425 57765738 80544597 -64847409 -34272353 -97724746 -186779022 -83029601 
-28426023 132414252 57405725 -0.440685 -0.897661 0.000681 -28372254 132742289 57583979 82527918 -62743799 -33451436 -95752933 -187409664 -83372134 
-30987529 131928441 57195127 -0.456061 -0.889948 0.000681 -31023448 132262037 57374592 84447993 -60592106 -32604883 -93772943 -188024301 -83707546 
-33539413 131401786 56966844 -0.471302 -0.881972 0.000681 -33663150 131722997 57137834 86303347 -58393974 -31733342 -91784923 -188622838 -84035792 
-36080935 130834435 56720939 -0.486403 -0.873734 0.000682 -36286022 131126507 56874504 88092551 -56151085 -30837478 -89789025 -189205182 -84356823 
-38611354 130226540 56457474 -0.501360 -0.865238 0.000682 -38887343 130474738 56585837 89814224 -53865151 -29917974 -87785399 -189771242 -84670593 
-41129920 129578261 56176513 -0.516169 -0.856486 0.000682 -41463157 129770482 56273392 91467039 -51537920 -28975533 -85774198 -190320925 -84977057 
-43635879 128889764 55878125 -0.530826 -0.847481 0.000682 -44010330 129016939 55938930 93049717 -49171170 -28010874 -83755576 -190854142 -85276168 
-46128471 128161227 55562380 -0.545325 -0.838225 0.000683 -46526543 128217542 55584323 94561033 -46766710 -27024733 -81729689 -191370804 -85567882 
-48606931 127392838 55229358 -0.559663 -0.828720 0.000683 -49010243 127375825 55211481 95999815 -44326378 -26017862 -79696695 -191870822 -85852155 
-51070488 126584801 54879140 -0.573835 -0.818971 0.000683 -51460593 126495325 54822300 97364946 -41852037 -24991030 -77656752 -192354109 -86128941 
-53518372 125737330 54511818 -0.587837 -0.808979 0.000683 -53877427 125579520 54418630 98655362 -39345582 -23945021 -75610020 -192820581 -86398197 
-55949807 124850658 54127485 -0.601666 -0.798748 0.000684 -56261234 124631772 54002241 99870057 -36808927 -22880633 -73556661 -193270150 -86659880 
-58364016 123925029 53726246 -0.615316 -0.788280 0.000684 -58613156 123655269 53574795 101008079 -34244013 -21798679 -71496839 -193702735 -86913947 
-60760220 122960705 53308212 -0.628784 -0.777579 0.000684 -60935011 122652944 53137798 102068536 -31652803 -20699986 -69430717 -194118253 -87160357 
-63137637 121957964 52873500 -0.642067 -0.766648 0.000684 -63229299 121627353 52692535 103050593 -29037280 -19585393 -67358463 -194516622 -87399066 
-65495484 120917105 52422239 -0.655159 -0.755491 0.000685 -65499186 120580516 52239984 103953473 -26399447 -18455752 -65280243 -194897763 -87630034 
-67832977 119838446 51954566 -0.668057 -0.744109 0.000685 -67748411 119513720 51780710 104776460 -23741325 -17311927 -63196226 -195261596 -87853220 
-70149334 118722331 51470633 -0.680758 -0.732508 0.000685 -69981095 118427318 51314758 105518896 -21064951 -16154793 -61106583 -195608044 -88068584 
-72443781 117569128 50970601 -0.693258 -0.720690 0.000686 -72201441 117320570 50841580 106180184 -18372377 -14985235 -59011487 -195937031 -88276087 
-74715554 116379232 50454646 -0.705552 -0.708658 0.000686 -74413327 116191582 50360003 106759790 -15665670 -13804150 -56911109 -196248482 -88475689 
-76963907 115153063 49922955 -0.717637 -0.696417 0.000686 -76619880 115037389 49868291 107257238 -12946907 -12612441 -54805626 -196542323 -88667351 
-79188115 113891062 49375727 -0.729510 -0.683970 0.000686 -78823090 113854194 49364276 107672117 -10218178 -11411023 -52695212 -196818481 -88851037 
-81387479 112593688 48813168 -0.741167 -0.671320 0.000687 -81023562 112637710 48845557 108004077 -7481579 -10200817 -50580046 -197076887 -89026708 
-83561326 111261414 48235487 -0.752605 -0.658472 0.000687 -83220425 111383564 48309716 108252831 -4739217 -8982753 -48460306 -197317471 -89194328 
-85709009 109894719 47642899 -0.763820 -0.645429 0.000687 -85411416 110087671 47754526 108418154 -1993202 -7757766 -46336174 -197540164 -89353861 
-87829906 108494085 47035617 -0.774809 -0.632194 0.000687 -87593076 108746549 47178108 108499885 754349 -6526797 -44207830 -197744899 -89505271 
-89923414 107059997 46413855 -0.785569 -0.618773 0.000688 -89761015 107357542 46579057 108497926 3501319 -5290794 -42075458 -197931612 -89648523 
-91988947 105592937 45777823 -0.796097 -0.605169 0.000688 -91910221 105918957 45956501 108412245 6245587 -4050708 -39939241 -198100240 -89783584 
-94025934 104093386 45127730 -0.806389 -0.591386 0.000688 -94035363 104430131 45310138 108242870 8985033 -2807495 -37799367 -198250719 -89910419 
